0.000000	0.287027	0.285317	0.275732	0.289652	0.281818	0.280758	0.271477	0.272436	0.262146	
0.287027	0.000000	0.290375	0.275447	0.286020	0.284758	0.288544	0.280900	0.282194	0.285511	
0.285317	0.290375	0.000000	0.282448	0.295370	0.286396	0.290132	0.284269	0.286345	0.280778	
0.275732	0.275447	0.282448	0.000000	0.282256	0.279071	0.280536	0.278225	0.279997	0.279060	
0.289652	0.286020	0.295370	0.282256	0.000000	0.287789	0.293070	0.279396	0.288125	0.282367	
0.281818	0.284758	0.286396	0.279071	0.287789	0.000000	0.289744	0.279630	0.287525	0.278541	
0.280758	0.288544	0.290132	0.280536	0.293070	0.289744	0.000000	0.278692	0.286162	0.272993	
0.271477	0.280900	0.284269	0.278225	0.279396	0.279630	0.278692	0.000000	0.279772	0.253954	
0.272436	0.282194	0.286345	0.279997	0.288125	0.287525	0.286162	0.279772	0.000000	0.273627	
0.262146	0.285511	0.280778	0.279060	0.282367	0.278541	0.272993	0.253954	0.273627	0.000000	
